version https://git-lfs.github.com/spec/v1
oid sha256:fe13e41d71d9b859aadd3c0a8eccdbc530994cd0ed8cd0515aaf2cf33ebd5192
size 472
